0.999993607441 402577
0.999994951685 403062
0.999994737255 403647
0.999994426431 402680
0.999995480632 403837
0.999993096389 403071
0.999993668315 406169
0.999993805465 401074
0.999995036138 403832
0.999994010238 399889
0.999993657342 396757
0.999993948164 400672
0.999993914523 403181
0.999994485284 406667
0.999993227107 402093
0.999994748941 404481
0.999994137725 403220
0.999993878609 405521
0.999993912624 403064
0.999992629086 405719
0.999992597768 404125
0.999994879998 408668
0.999995358553 399959
0.999994607549 404933
0.999994539922 400276
0.9999941089 406102
0.999993723284 405050
0.999994574811 404483
0.999993305847 402335
0.999993323748 407494
0.999994238823 404968
0.999994138327 403259
0.999995205089 399667
0.999994185229 406277
0.999994328011 401089
0.999994585008 403368
0.999993578772 405233
0.999995042376 404305
0.999994041778 397189
0.999993723769 400654
0.999994506511 398015
0.999993183295 403768
0.999993585794 401316
0.999994430334 402942
0.999994610976 405173
0.99999448941 401912
0.99999458917 403657
0.999995191674 404408
0.999994603586 404658
0.999994913059 405679
0.999993708945 404192
0.999993685474 402798
0.999994400918 405935
0.999993946385 405150
0.999994223658 403981
0.999992035777 405538
0.999994914229 400305
0.999993813746 397081
0.999993738673 401539
0.999993934082 404387
0.999994243651 400459
0.999993639737 404475
0.999994107842 406034
0.999993181318 403660
0.999993832993 399831
0.999993295999 405928
0.999994407007 401381
0.999993445698 406066
0.999993522223 401948
0.99999507952 407137
0.99999384197 407788
0.999994253046 405899
0.9999935625 395650
0.999994096396 400599
0.999994721843 402553
0.99999430431 404417
0.99999317162 407193
0.999994164212 404919
0.99999333933 400042
0.99999427124 402249
0.999993017819 406814
0.999994146591 403787
0.999993951308 400866
0.999994310032 399913
0.999994454754 404588
0.999992991867 401453
0.999993934451 404410
0.999994511295 403399
0.999995629545 403903
0.999994305835 404517
0.999994631084 401409
0.999993378238 406417
0.999993321324 407357
0.999993667159 401716
0.999994380048 404536
0.999993667454 406118
0.999994605063 404760
0.999993309552 402542
0.999993818957 406379
0.99999376903 407809
0.999993570331 404739
0.999994692839 405744
0.999994932245 401626
0.999995171388 397077
0.999994830155 405009
0.999993983344 402847
0.999993993969 408130
0.999993474501 403476
0.999995382527 401886
0.999995031873 403510
0.999993287642 405458
0.999993749453 402182
0.999993951972 405498
0.999994073828 403870
0.999994117268 401918
0.99999286927 402836
0.999994200498 402484
0.999993174392 399210
0.999994941461 402305
0.999994179559 405910
0.999994006426 404287
0.999994029162 405716
0.999993977768 402500
0.999993959227 405950
0.999994011081 404578
0.999993077909 402072
0.999995298599 401134
0.999993333864 403904
0.999993545665 403303
0.999993457363 402495
0.999994288807 403398
0.999993964764 406296
0.999991240717 403049
0.999994920427 400759
0.999993926958 403947
0.999994587203 403520
0.999995275612 405202
0.999994601315 409640
0.999993018548 402877
0.99999362142 407748
0.999993299798 406141
0.999994298842 404057
0.999994756695 401621
0.999993813879 403175
0.999993256649 403728
0.999992662742 407447
0.999993521914 401931
0.999993366279 401551
0.99999423295 404586
0.999994462555 405117
0.999993764988 403112
0.999993854193 404025
0.999993133765 401064
0.999994282031 402954
0.999993971984 406747
0.999994484847 403392
0.999993049246 396535
0.999994577474 402848
0.999994103108 405732
0.999992578739 403163
0.999994587653 403551
0.999993679385 402438
0.99999359688 406297
0.999993840811 403210
0.999994165574 405007
0.999994510375 403336
0.999994005662 404239
0.999993638703 400048
0.999993776909 403829
0.999994628965 406432
0.999993644465 409120
0.999994045873 406773
0.999993728619 405370
0.999994884816 403600
0.999994628302 406386
0.999994289819 400327
0.999992764147 401241
0.999994257755 406208
0.999993368973 405889
0.99999388031 405626
0.999993389552 398660
0.999995579283 405920
0.999993636609 404290
0.999993989756 412478
0.999993632038 399659
0.999994095283 405232
0.999993155038 402221
0.999993366167 405730
0.999993946194 409722
0.999995055998 405339
0.999994710622 401761
0.999993610728 402770
0.999993319473 398938
0.999993672133 402009
0.999993506433 401041
0.999993775958 403772
0.999994932294 407108
0.999993664741 401574
0.999994033552 401339
0.999994088914 400128
0.999993540717 403017
0.999993385546 406833
0.999994069783 408295
0.999993970188 402031
0.999993012649 402561
0.999993659509 410022
0.999994029577 410389
0.999993075717 401954
0.999994673114 404349
0.999993803547 405440
0.999993815425 406163
0.999994695021 405898
0.999994946568 402683
0.999995026507 403107
0.999993371576 401849
0.999994362391 403360
0.999993006295 402222
0.99999444465 403906
0.99999360222 402273
0.999993541637 398768
0.999994025693 400849
0.999994249158 405644
0.999994251636 400976
0.999993400319 407679
0.999993690244 403080
0.999993553292 403746
0.999994543 395392
0.999993330625 403722
0.999994267586 406854
0.999994646299 402469
0.999993066361 402874
0.999993540223 402988
0.999993981045 402704
0.999993325272 403422
0.999994133856 407705
0.99999328198 401008
0.999994346743 402323
0.999994063379 403210
0.999993377719 402194
0.999994176625 405720
0.999994091974 400321
0.999993474675 399229
0.999993726945 400842
0.999993441776 401606
0.99999448762 401791
0.999992898943 404399
0.999994395679 400628
0.99999463486 401672
0.999993632643 408415
0.999994107527 406014
0.999994384974 404865
0.999994227677 404242
0.99999358631 405676
0.99999368666 402868
0.999994425663 402628
0.999994024844 405443
0.999993483015 399703
0.999993877965 400945
0.999992702769 401914
0.999994955417 403338
0.999993937482 404598
0.999993623801 407890
0.999993363817 405596
0.999994307106 399722
0.999994056636 407456
0.999994258235 401403
0.999995115849 409947
0.999994069971 403627
0.999993311406 398492
0.999993958897 405930
0.999994786236 407167
0.999994649891 402719
0.999994182136 406077
0.999994121618 402194
0.999994446636 404040
0.999993444703 406008
0.99999438256 404704
0.999993749453 402182
0.999994296566 408773
0.999993750721 402258
0.999994999364 401075
0.99999352362 397739
0.999993726284 405229
0.999994166213 405048
0.999993231429 406433
0.9999935301 398108
0.99999302416 403178
0.999994566388 402085
0.999994457303 399750
0.999994994465 406259
0.999993791177 404690
0.999994755436 399651
0.999993542105 407395
0.999994875405 402911
0.999993404938 403735
0.999993940427 409360
0.999994013162 409344
0.999994617746 405646
0.999994560298 401668
0.999994783973 407002
0.999994746477 399018
0.999994000157 403895
0.999994752898 404765
0.999993061241 405178
0.999994049329 402327
0.999994593021 403923
0.999993746202 401988
0.999993420825 404640
0.999994126499 402505
0.999993930951 399617
0.999993395569 403204
0.999993513678 401457
0.999994913914 400283
0.999993977705 402497
0.999993544069 407511
0.9999932999 402003
0.999994500974 402696
0.99999244457 403867
0.999994105755 401190
0.999994271199 397396
0.999994378854 404456
0.999994040185 401753
0.999995302925 401477
0.999994353084 402743
0.999994094078 405155
0.999993894343 401944
0.999995154426 407252
0.999994147513 399100
0.999994391544 405306
0.999993211718 405337
0.999995286808 400203
0.999993473125 403397
0.999994300146 404142
0.999993621575 407757
0.999993277002 404863
0.99999411186 406291
0.999994129657 402706
0.999992971055 400349
0.999995035768 398208
0.999993440251 405753
0.999994330183 401232
0.999994247322 402412
0.999994742406 404014
0.999993887902 401551
0.999993517148 401656
0.999993635155 399841
0.999994918469 400616
0.999993384486 402576
0.999994043223 406604
0.999994726963 397647
0.999995523991 401264
0.999993759776 407248
0.999994336631 401656
0.999994028017 400993
0.999992108705 401982
0.999995384998 402085
0.999993874186 405249
0.999994278376 402715
0.999993763428 407470
0.999993009377 402386
0.999994323573 400798
0.99999325622 403704
0.999992845962 405499
0.999993241977 402915
0.99999339973 403439
0.999993136599 401217
0.999993807183 405661
0.999993592203 401689
0.999993764627 403091
0.999995758772 402231
0.99999361734 407506
0.999994415805 401968
0.999994261878 406479
0.999993783254 404212
0.999993992725 403431
0.999994116915 401896
0.999993270252 400359
0.99999377698 408293
0.999993081612 402272
0.999994108102 406051
0.999995188451 404158
0.999993595615 406223
0.999994886652 403734
0.999994726797 402905
0.999993940209 404767
0.999994027826 405631
0.999993370209 405960
0.999993950145 405384
0.999993967332 406456
0.999995071952 406556
0.999993298912 401948
0.999994293485 403704
0.999993013225 406565
0.999993669696 401866
0.99999434466 402186
0.999994051066 402435
0.999994361804 403321
0.999994206227 398058
0.999994677704 399454
0.999994345506 402241
0.999993786187 404389
0.999992738028 407548
0.999994064592 398606
0.999993972284 402160
0.999994991377 400482
0.999993527063 402227
0.999993796866 405035
0.999994604161 404698
0.999993883851 401304
0.999993615183 403031
0.999993377793 402199
0.999994604659 399584
0.9999924946 406366
0.999993659536 405647
0.999993088376 402638
0.999994910279 405474
0.999993744151 401866
0.999993683697 402692
0.999993673525 406480
0.999992016525 411580
0.999992973492 404431
0.999993814937 401644
0.999993804357 405490
0.999994231953 404521
0.999994886972 403758
0.999994092139 400331
0.99999369376 398884
0.999993771868 403525
0.999992545643 405226
0.999994172229 405436
0.999995133874 399948
0.999993901719 406947
0.999995105649 403483
0.999993798131 400634
0.999994682478 399787
0.999994073748 408548
0.999993062687 405256
0.999993382619 402471
0.999994306646 404571
0.999994048143 397584
0.999994173146 400729
0.999993695305 403381
0.999994869737 402498
0.999994992898 406140
0.999993874855 405290
0.99999404362 401969
0.999994234348 404677
0.999994668175 404001
0.999992290547 403579
0.99999417102 400594
0.999994466687 400379
0.99999414357 403594
0.999994287266 403296
0.999993668683 401806
0.999993761361 402894
0.999994989724 405902
0.999993112404 407971
0.999994134532 403016
0.999994387921 405063
0.999994677862 399464
0.999994208574 403004
0.999995259571 403928
0.99999451751 403823
0.999993219174 401657
0.999995082415 401713
0.999994583631 403273
0.999992973955 408405
0.999994631006 406575
0.999994754239 399566
0.999993543508 407478
0.9999945573 406563
0.999994032677 405937
0.999993412053 404140
0.999994956444 408918
0.999994607261 404914
0.999993544101 403213
0.999993232383 410586
0.999992284183 406868
0.999994197141 407052
0.99999442265 404195
0.999993982103 407382
0.999994277375 402649
0.999993594791 401839
0.999992104613 408820
0.999994155611 404366
0.999993759716 402796
0.999993218094 405691
0.999994245761 405422
0.99999285886 406179
0.999993438431 401416
0.999992428223 403058
0.99999445365 404514
0.999994346963 402338
0.99999431688 395469
0.999993243036 402973
0.99999442006 402253
0.999994569505 402299
0.999994835982 400055
0.999993811134 405902
0.999992770183 405392
0.999993873242 405191
0.999994197511 402291
0.999992899377 400510
0.999993527244 402238
0.999994358639 403111
0.999994768132 405858
0.999994072233 403770
0.999994862601 401980
0.999994552998 406266
0.999994113643 401689
0.999993544487 407535
0.999993606347 402513
0.999994374398 404159
0.999992351693 402944
0.999993522672 406260
0.999993955671 401134
0.999994929898 401454
0.9999932806 409194
0.999994463556 395149
0.999995386535 402210
0.999994790028 402113
0.999992598044 407889
0.999993887872 406092
0.999994317897 405314
0.999992711914 406192
0.999994037256 401570
0.99999379597 400504
0.99999437607 404270
0.999993837719 403023
0.999995233232 401856
0.999994947117 408218
0.999993386254 402676
0.999994608909 405028
0.999993983236 407454
0.99999401985 405129
0.999994069168 403576
0.999994066601 403414
0.999993733911 405687
0.999993153891 402158
0.999994032485 401272
0.99999449293 407191
0.999994291161 403552
0.999994356993 403001
0.999993987525 403107
0.999993248898 407410
0.999993950733 400830
0.999994126734 407247
0.999993167504 398836
0.999993223424 401890
0.999993524016 402051
0.999994234334 404675
0.999994223833 403992
0.999992202434 399344
0.999993394642 403151
0.999994382585 404706
0.999995277647 399482
0.999993421006 408869
0.999994037834 401606
0.999993867392 404832
0.999994686962 400100
0.999994149968 404004
0.999993941185 404828
0.999994143675 398857
0.999993801277 405303
0.999994484514 401580
0.999993335481 403995
0.999994363851 403457
0.999993624961 403604
0.999993773614 408088
0.99999373262 401179
0.999994060039 403000
0.999993376031 402099
0.999993373452 406144
0.999994298452 399159
0.999993312768 402721
0.999993393861 403107
0.999994048029 397576
0.999993107848 403694
0.999993901635 402390
0.999993139026 405396
0.999992889785 407818
0.999993618456 407572
0.999995348144 399127
0.999994268711 402084
0.999992982791 400971
0.999994565218 402005
0.999994162483 404808
0.99999238194 408072
0.999994936783 401961
0.999993027171 407320
0.999993485438 404105
0.999993653619 400920
0.999994241106 400295
0.999992460297 404649
0.999994380115 399598
0.999992447221 403999
0.999994380413 409499
0.999993788542 400060
0.999994494443 402253
0.999994300952 404196
0.999993555838 403894
0.999995244559 402744
0.999994487524 401784
0.999994162437 409559
0.999993785771 404364
0.999992919354 405481
0.999994907245 405250
0.999993800366 405247
0.999993107082 407679
0.999993881245 405683
0.999993357812 405256
0.999994038986 401678
0.999994174188 405562
0.999994504446 402932
0.999993513799 401464
0.999993874443 400732
0.999994796349 402567
0.999993933211 395174
0.999993774247 403669
0.999994593625 403965
0.999995359656 400046
0.999993317885 403008
0.999993759308 411665
0.999993458431 402556
0.999993645447 409179
0.999993884821 405904
0.99999412608 402478
0.999993920363 398971
0.999993645575 404820
0.999994386997 405001
0.999995138398 406006
0.999994505698 403018
0.999993732835 405623
0.999993131257 404971
0.999993150661 401982
0.999993070224 405665
0.999994590897 403776
0.999993045287 404315
0.99999273437 399714
0.999994060655 407712
0.999995078278 407042
0.999995091493 402403
0.999994662816 403625
0.999993555333 403865
0.999993576971 400804
0.999992899709 404439
0.999995062826 405859
0.999994366018 403601
0.999993775044 403717
0.999993603668 406697
0.999994569168 402277
0.999993980876 402693
0.999993033729 403692
0.99999309987 403260
0.999993429573 409364
0.999994625938 401053
0.999994474371 400896
0.999993792791 404788
0.999993630262 403916
0.999993782458 404163
0.999993877895 405477
0.999994491327 402042
0.999994011339 404595
0.999994779027 401326
0.999993682528 402623
0.99999460043 399294
0.999994724713 402757
0.999994499536 402599
0.999994217347 403572
0.999993048396 404483
0.999993477594 399395
0.999994209221 407840
0.999992673396 404209
0.999994121677 402198
0.999993064024 401325
0.999993751418 402299
0.999994082133 404396
0.999994123842 402336
0.999994047859 402234
0.999994217989 403614
0.999993583679 405521
0.999993586392 401351
0.999995264712 398469
0.999993227576 406219
0.999994980532 405212
0.999994190526 401842
0.999993185053 403865
0.999992408457 405741
0.999994519276 403944
0.99999364373 404711
0.99999404528 402072
0.999993924923 403822
0.999993635313 404214
0.999994426364 407656
0.99999401844 405040
0.999994222094 399072
0.999994642692 402217
0.999992615995 401291
0.999994111971 406298
0.999993597673 402007
0.999993886505 401465
0.999994330749 401269
0.99999326983 400336
0.999994766543 400438
0.999994966114 400576
0.999994229358 404351
0.999992942212 402766
0.999993481177 403859
0.999993692554 403217
0.999994474758 400922
0.999993607443 402578
0.999994622175 395624
0.999993219718 405782
0.999994882874 403458
0.999993018876 402894
0.999994594063 398857
0.999993893407 401887
0.999994253193 401077
0.999993906549 402691
0.99999269924 405537
0.999993880007 396529
0.999994766185 400412
0.999992927445 401986
0.999994805187 403202
0.999994576365 402772
0.999994976107 399352
0.999992169628 404885
0.999993855447 408619
0.99999404987 407026
0.999993983784 402874
0.999992457429 408186
0.999994561289 401735
0.999994038282 406292
0.999995063313 400270
0.99999464032 402052
0.999993646812 400522
0.999992453085 404290
0.999994327403 401050
0.999994974454 404756
0.999994079374 404222
0.999994303195 404343
0.999994329302 401174
0.999993824828 402241
0.999994141748 403477
0.999994750428 399296
0.999994441172 403671
0.999994350514 402572
0.99999369843 403566
0.999993329083 403636
0.999993586774 405703
0.999992422603 402780
0.999993760774 407309
0.999994544675 400600
0.999994355042 397950
0.999994096868 405333
0.999993728895 405386
0.999994039935 401738
0.999993939303 400128
0.999994360385 398300
0.999994724795 402763
0.999992629103 405720
0.999993660368 405697
0.999994025479 400835
0.999992656266 403333
0.999993408818 403956
0.999992900457 404479
0.999992248874 405147
0.999995218378 400698
0.999992310972 400963
0.999995623485 403383
0.999994806334 403285
0.999993142272 401526
0.999994556996 406542
0.999995182662 403706
0.999993536213 407051
0.999994761416 405375
0.999993675408 402203
0.999995176844 403254
0.999994545226 400637
0.999993579006 400922
0.99999237837 400610
0.999994605208 399622
0.999993226986 406186
0.999994578952 408071
0.999993396979 407487
0.999994526171 409487
0.999994002348 399400
0.99999402421 405404
0.999994467304 405440
0.999993798953 405162
0.9999948314 405100
0.999994896381 404449
0.999993431751 401037
0.999994341589 401983
0.999994706549 396223
0.999994930064 406943
0.999992800328 403112
0.999993351548 404902
0.999993850643 408322
0.999993914146 407719
0.999993366409 405744
0.999994633633 401586
0.999993666486 406061
0.999993583456 401180
0.999993231302 406426
0.999994154656 404305
0.999994557381 401468
0.999993341722 404347
0.99999388085 410193
0.999994225574 399295
0.999994400504 405908
0.999994229779 404379
0.999993172206 403160
0.999993457595 402508
0.999993696468 407853
0.999993888919 401613
0.999993696205 403434
0.999992900462 396653
0.999993013709 402618
0.99999508372 401812
0.999994529968 399600
0.999993343591 404452
0.999994899636 404688
0.999994083525 399790
0.999993780872 412990
0.999994963437 403935
0.999994540692 405415
0.99999400589 399619
0.999994303455 404360
0.999993824244 406701
0.999993374003 401985
0.999992948269 403088
0.999993727153 405282
0.999993966006 406374
0.999994845234 400722
0.999993299994 406152
0.999994930117 406946
0.999994291869 403599
0.999994143496 403589
0.999993510046 401248
0.999993822884 406618
0.999993410256 404038
0.999993447752 401946
0.999994445329 398950
0.999993466984 404555
0.999993221663 405890
0.999992981212 404844
0.999993904296 407107
0.999993447239 406154
0.999993060996 405165
0.999994282776 403002
0.999994634357 401637
0.999993560217 404149
0.999994453407 404497
0.99999337672 402138
0.999994724553 402746
0.999994652773 402921
0.999993983605 402863
0.999994350487 402571
0.999994841734 405853
0.99999443612 403330
0.99999304055 404059
0.999993588191 401456
0.999993924868 403818
0.999994948359 402815
0.99999425378 405947
0.999994318868 405379
0.999993973671 402246
0.999994461663 400042
0.9999942357 404765
0.999994724014 407969
0.999994353128 402746
0.999993936219 404520
0.999993676796 402284
0.999995000615 401169
0.999994545513 400656
0.999994794724 404345
0.999994535355 410126
0.999993406267 403811
0.99999390894 407395
0.999995195659 398939
0.999994177639 401016
0.999993126487 404710
0.999994643863 407482
0.999994384293 404820
0.999994404513 406177
0.999994246385 400636
0.999993563615 408659
0.999993766795 403221
0.999994486505 401715
0.999993058038 405004
0.999993961041 401465
0.999995354017 405574
0.999993745075 410795
0.999994184823 401476
0.999993889537 401650
0.999994373989 404132
0.999992367022 407332
0.999993322114 403245
0.999994070705 403673
0.99999419595 402191
0.999994400427 405903
0.999993841254 403237
0.999994923166 406429
0.999993502578 400820
0.999993874194 400717
0.999993112403 399909
0.999993131395 409018
0.999994078656 404176
0.999992744252 404047
0.999993683062 402655
0.999993012478 406525
0.999994096655 400616
0.99999369259 407620
0.999995246061 408702
0.999993828493 402463
0.999993114785 400037
0.999994274876 402486
0.999992648675 406723
0.999994371364 399022
0.999995063386 400276
0.999993383512 402521
0.999993928922 401119
0.999993630773 399585
0.999994818836 404188
0.999993788393 408990
0.999993971621 406725
0.999994377105 404340
0.999993233588 406554
0.999993230389 406375
0.999993923291 403721
0.999993735441 405779
0.999993164589 402742
0.999993683192 402662
0.999994548185 395741
0.999992804716 403340
0.999993094953 402994
0.999994162889 404834
0.999993157401 402350
0.999994735814 403545
0.999995049887 399262
0.999994106206 405930
0.999995190774 404338
0.999993481876 403899
0.99999355661 399629
0.999993768261 403309
0.999993520422 401845
0.99999401985 405129
0.999993499976 404944
0.9999941788 401090
0.99999484761 400894
0.999994870102 407937
0.999992492639 402569
0.999993385799 402651
0.999993147908 401832
0.999994047286 402198
0.99999328008 405035
0.999993710523 404287
0.999994730814 403190
0.999994369986 408795
0.999994067075 403444
0.999992935544 402414
0.999993916674 407876
0.999994569734 407428
0.999994691806 400439
0.999994060648 403038
0.999993431702 405262
0.999994620807 400698
0.999993774452 403681
0.999993643224 404681
0.999996102197 406621
0.999992631363 402068
0.999993542965 403147
0.999994036598 406185
0.999995134995 400034
0.999993632081 404023
0.999994264814 406672
0.999994143839 398867
0.999993768942 403350
0.999993991984 403384
0.999993990702 403304
0.999994701322 401106
0.999993685085 402775
0.999994237103 404856
0.999994545196 405726
0.999993722081 404978
0.999994195481 402160
0.999994405759 406261
0.999993810976 401406
0.999993592439 401702
0.999994336598 406557
0.99999418994 401805
0.999994726686 397628
0.999994499977 402629
0.999993770572 407903
0.999993918156 403404
0.999992665043 403781
0.999992991459 401431
0.999993988459 403165
0.999994201131 407312
