140
138
128
129
120
107
116
124
118
147
124
112
134
131
116
153
128
105
139
112
129
135
123
96
124
117
118
119
137
122
142
133
99
118
112
131
103
126
130
138
133
113
112
133
131
120
134
113
118
124
132
115
123
112
113
122
138
133
100
132
99
137
124
114
123
141
136
119
115
110
123
129
115
129
110
134
94
123
130
135
117
135
129
119
125
120
137
106
139
116
118
125
129
134
120
112
113
126
120
126
121
131
111
128
120
116
112
132
143
128
128
122
132
137
121
142
112
139
125
126
110
124
114
116
113
138
120
133
125
112
122
138
113
121
118
129
143
141
139
109
118
120
122
113
128
149
146
132
130
151
116
126
149
117
117
123
115
124
124
113
124
137
114
123
108
140
125
115
105
128
116
149
111
121
115
108
150
141
144
123
133
120
119
116
117
127
118
126
115
103
133
133
137
127
99
125
125
135
124
114
134
137
114
130
120
119
127
106
129
134
136
122
124
119
131
101
122
157
115
123
143
123
111
115
122
128
108
124
112
103
115
136
124
130
105
127
143
120
121
126
121
129
106
136
116
112
121
114
129
119
119
128
148
128
125
131
118
110
138
109
130
126
130
152
135
99
119
126
119
139
135
125
119
139
114
130
113
135
111
124
134
120
136
134
142
124
106
134
139
124
119
113
115
127
124
116
109
127
121
110
111
128
140
106
119
135
144
123
128
128
142
108
162
130
125
115
121
131
128
117
149
121
139
126
131
128
127
115
147
139
106
112
136
121
153
124
127
128
122
118
145
146
125
121
133
128
131
123
136
145
104
134
125
113
108
120
131
118
115
108
135
133
124
140
116
138
136
125
122
138
127
123
134
114
120
112
108
154
124
118
118
129
121
135
125
118
128
125
113
121
123
125
129
125
131
136
134
132
141
137
118
123
122
125
144
123
127
126
128
146
125
123
133
139
103
129
120
106
118
132
117
137
116
135
110
118
120
119
140
135
110
111
125
128
132
129
135
109
134
143
140
102
102
115
130
122
140
129
126
143
129
105
127
132
118
134
137
133
142
131
114
126
130
140
137
121
123
125
135
107
114
122
131
129
141
133
134
110
118
134
134
124
112
116
128
143
117
127
135
107
127
150
133
110
121
121
129
118
117
132
110
126
105
136
131
115
124
149
138
125
130
120
122
110
117
110
115
116
126
124
134
126
114
135
135
112
106
116
120
128
143
136
107
127
120
136
147
119
126
120
133
123
112
121
129
117
111
114
116
130
133
111
139
126
130
127
129
116
112
127
105
146
119
114
131
116
117
135
124
124
131
127
131
111
95
115
125
145
126
122
116
138
119
140
112
115
125
135
141
137
121
129
128
128
134
121
112
125
131
132
130
126
144
123
116
126
124
137
132
127
129
134
131
134
120
113
115
140
121
117
115
121
144
126
107
131
124
122
132
114
126
117
119
141
129
118
131
104
122
131
126
137
124
126
114
141
138
115
124
120
118
135
110
148
118
118
138
139
115
101
119
102
126
127
132
142
133
114
122
129
99
122
124
122
118
135
137
128
135
128
126
122
127
122
116
125
137
129
120
127
107
117
121
128
114
115
122
123
126
130
124
151
130
142
118
123
128
116
127
126
122
135
128
112
130
131
133
121
139
152
107
133
118
107
116
113
130
131
121
100
127
132
121
125
122
126
134
121
109
117
104
105
111
135
126
134
115
103
118
116
117
137
144
132
149
119
119
126
109
126
128
124
104
126
109
122
110
146
115
120
131
135
159
120
130
121
146
129
116
133
128
127
146
118
130
126
124
124
140
125
121
122
127
114
135
133
130
118
129
122
126
106
131
115
131
116
134
134
118
111
127
128
135
129
121
113
111
118
133
126
117
111
111
118
133
139
125
152
140
112
120
130
113
110
135
115
134
128
116
132
122
134
127
126
118
94
115
117
121
121
121
134
120
126
138
97
129
106
132
131
129
116
130
111
114
109
119
139
110
126
130
156
149
111
136
116
123
118
135
127
119
138
113
136
106
137
124
139
112
146
116
112
120
130
122
129
121
129
133
133
139
123
126
110
119
132
126
122
137
133
121
137
111
100
140
111
121
113
112
128
124
124
125
131
128
127
112
138
123
127
132
126
143
98
128
122
120
109
124
113
107
126
134
109
124
136
122
125
101
110
126
122
124
135
129
117
114
140
136
133
126
113
136
132
130
117
143
108
121
118
125
120
122
132
126
130
137
135
121
127
145
118
104
132
115
130
129
129
108
118
127
126
132
102
119
117
135
130
108
138
