0.999993607441
0.999994951685
0.999994737255
0.999994426431
0.999995480632
0.999993096389
0.999993668315
0.999993805465
0.999995036138
0.999994010238
0.999993657342
0.999993948164
0.999993914523
0.999994485284
0.999993227107
0.999994748941
0.999994137725
0.999993878609
0.999993912624
0.999992629086
0.999992597768
0.999994879998
0.999995358553
0.999994607549
0.999994539922
0.9999941089
0.999993723284
0.999994574811
0.999993305847
0.999993323748
0.999994238823
0.999994138327
0.999995205089
0.999994185229
0.999994328011
0.999994585008
0.999993578772
0.999995042376
0.999994041778
0.999993723769
0.999994506511
0.999993183295
0.999993585794
0.999994430334
0.999994610976
0.99999448941
0.99999458917
0.999995191674
0.999994603586
0.999994913059
0.999993708945
0.999993685474
0.999994400918
0.999993946385
0.999994223658
0.999992035777
0.999994914229
0.999993813746
0.999993738673
0.999993934082
0.999994243651
0.999993639737
0.999994107842
0.999993181318
0.999993832993
0.999993295999
0.999994407007
0.999993445698
0.999993522223
0.99999507952
0.99999384197
0.999994253046
0.9999935625
0.999994096396
0.999994721843
0.99999430431
0.99999317162
0.999994164212
0.99999333933
0.99999427124
0.999993017819
0.999994146591
0.999993951308
0.999994310032
0.999994454754
0.999992991867
0.999993934451
0.999994511295
0.999995629545
0.999994305835
0.999994631084
0.999993378238
0.999993321324
0.999993667159
0.999994380048
0.999993667454
0.999994605063
0.999993309552
0.999993818957
0.99999376903
0.999993570331
0.999994692839
0.999994932245
0.999995171388
0.999994830155
0.999993983344
0.999993993969
0.999993474501
0.999995382527
0.999995031873
0.999993287642
0.999993749453
0.999993951972
0.999994073828
0.999994117268
0.99999286927
0.999994200498
0.999993174392
0.999994941461
0.999994179559
0.999994006426
0.999994029162
0.999993977768
0.999993959227
0.999994011081
0.999993077909
0.999995298599
0.999993333864
0.999993545665
0.999993457363
0.999994288807
0.999993964764
0.999991240717
0.999994920427
0.999993926958
0.999994587203
0.999995275612
0.999994601315
0.999993018548
0.99999362142
0.999993299798
0.999994298842
0.999994756695
0.999993813879
0.999993256649
0.999992662742
0.999993521914
0.999993366279
0.99999423295
0.999994462555
0.999993764988
0.999993854193
0.999993133765
0.999994282031
0.999993971984
0.999994484847
0.999993049246
0.999994577474
0.999994103108
0.999992578739
0.999994587653
0.999993679385
0.99999359688
0.999993840811
0.999994165574
0.999994510375
0.999994005662
0.999993638703
0.999993776909
0.999994628965
0.999993644465
0.999994045873
0.999993728619
0.999994884816
0.999994628302
0.999994289819
0.999992764147
0.999994257755
0.999993368973
0.99999388031
0.999993389552
0.999995579283
0.999993636609
0.999993989756
0.999993632038
0.999994095283
0.999993155038
0.999993366167
0.999993946194
0.999995055998
0.999994710622
0.999993610728
0.999993319473
0.999993672133
0.999993506433
0.999993775958
0.999994932294
0.999993664741
0.999994033552
0.999994088914
0.999993540717
0.999993385546
0.999994069783
0.999993970188
0.999993012649
0.999993659509
0.999994029577
0.999993075717
0.999994673114
0.999993803547
0.999993815425
0.999994695021
0.999994946568
0.999995026507
0.999993371576
0.999994362391
0.999993006295
0.99999444465
0.99999360222
0.999993541637
0.999994025693
0.999994249158
0.999994251636
0.999993400319
0.999993690244
0.999993553292
0.999994543
0.999993330625
0.999994267586
0.999994646299
0.999993066361
0.999993540223
0.999993981045
0.999993325272
0.999994133856
0.99999328198
0.999994346743
0.999994063379
0.999993377719
0.999994176625
0.999994091974
0.999993474675
0.999993726945
0.999993441776
0.99999448762
0.999992898943
0.999994395679
0.99999463486
0.999993632643
0.999994107527
0.999994384974
0.999994227677
0.99999358631
0.99999368666
0.999994425663
0.999994024844
0.999993483015
0.999993877965
0.999992702769
0.999994955417
0.999993937482
0.999993623801
0.999993363817
0.999994307106
0.999994056636
0.999994258235
0.999995115849
0.999994069971
0.999993311406
0.999993958897
0.999994786236
0.999994649891
0.999994182136
0.999994121618
0.999994446636
0.999993444703
0.99999438256
0.999993749453
0.999994296566
0.999993750721
0.999994999364
0.99999352362
0.999993726284
0.999994166213
0.999993231429
0.9999935301
0.99999302416
0.999994566388
0.999994457303
0.999994994465
0.999993791177
0.999994755436
0.999993542105
0.999994875405
0.999993404938
0.999993940427
0.999994013162
0.999994617746
0.999994560298
0.999994783973
0.999994746477
0.999994000157
0.999994752898
0.999993061241
0.999994049329
0.999994593021
0.999993746202
0.999993420825
0.999994126499
0.999993930951
0.999993395569
0.999993513678
0.999994913914
0.999993977705
0.999993544069
0.9999932999
0.999994500974
0.99999244457
0.999994105755
0.999994271199
0.999994378854
0.999994040185
0.999995302925
0.999994353084
0.999994094078
0.999993894343
0.999995154426
0.999994147513
0.999994391544
0.999993211718
0.999995286808
0.999993473125
0.999994300146
0.999993621575
0.999993277002
0.99999411186
0.999994129657
0.999992971055
0.999995035768
0.999993440251
0.999994330183
0.999994247322
0.999994742406
0.999993887902
0.999993517148
0.999993635155
0.999994918469
0.999993384486
0.999994043223
0.999994726963
0.999995523991
0.999993759776
0.999994336631
0.999994028017
0.999992108705
0.999995384998
0.999993874186
0.999994278376
0.999993763428
0.999993009377
0.999994323573
0.99999325622
0.999992845962
0.999993241977
0.99999339973
0.999993136599
0.999993807183
0.999993592203
0.999993764627
0.999995758772
0.99999361734
0.999994415805
0.999994261878
0.999993783254
0.999993992725
0.999994116915
0.999993270252
0.99999377698
0.999993081612
0.999994108102
0.999995188451
0.999993595615
0.999994886652
0.999994726797
0.999993940209
0.999994027826
0.999993370209
0.999993950145
0.999993967332
0.999995071952
0.999993298912
0.999994293485
0.999993013225
0.999993669696
0.99999434466
0.999994051066
0.999994361804
0.999994206227
0.999994677704
0.999994345506
0.999993786187
0.999992738028
0.999994064592
0.999993972284
0.999994991377
0.999993527063
0.999993796866
0.999994604161
0.999993883851
0.999993615183
0.999993377793
0.999994604659
0.9999924946
0.999993659536
0.999993088376
0.999994910279
0.999993744151
0.999993683697
0.999993673525
0.999992016525
0.999992973492
0.999993814937
0.999993804357
0.999994231953
0.999994886972
0.999994092139
0.99999369376
0.999993771868
0.999992545643
0.999994172229
0.999995133874
0.999993901719
0.999995105649
0.999993798131
0.999994682478
0.999994073748
0.999993062687
0.999993382619
0.999994306646
0.999994048143
0.999994173146
0.999993695305
0.999994869737
0.999994992898
0.999993874855
0.99999404362
0.999994234348
0.999994668175
0.999992290547
0.99999417102
0.999994466687
0.99999414357
0.999994287266
0.999993668683
0.999993761361
0.999994989724
0.999993112404
0.999994134532
0.999994387921
0.999994677862
0.999994208574
0.999995259571
0.99999451751
0.999993219174
0.999995082415
0.999994583631
0.999992973955
0.999994631006
0.999994754239
0.999993543508
0.9999945573
0.999994032677
0.999993412053
0.999994956444
0.999994607261
0.999993544101
0.999993232383
0.999992284183
0.999994197141
0.99999442265
0.999993982103
0.999994277375
0.999993594791
0.999992104613
0.999994155611
0.999993759716
0.999993218094
0.999994245761
0.99999285886
0.999993438431
0.999992428223
0.99999445365
0.999994346963
0.99999431688
0.999993243036
0.99999442006
0.999994569505
0.999994835982
0.999993811134
0.999992770183
0.999993873242
0.999994197511
0.999992899377
0.999993527244
0.999994358639
0.999994768132
0.999994072233
0.999994862601
0.999994552998
0.999994113643
0.999993544487
0.999993606347
0.999994374398
0.999992351693
0.999993522672
0.999993955671
0.999994929898
0.9999932806
0.999994463556
0.999995386535
0.999994790028
0.999992598044
0.999993887872
0.999994317897
0.999992711914
0.999994037256
0.99999379597
0.99999437607
0.999993837719
0.999995233232
0.999994947117
0.999993386254
0.999994608909
0.999993983236
0.99999401985
0.999994069168
0.999994066601
0.999993733911
0.999993153891
0.999994032485
0.99999449293
0.999994291161
0.999994356993
0.999993987525
0.999993248898
0.999993950733
0.999994126734
0.999993167504
0.999993223424
0.999993524016
0.999994234334
0.999994223833
0.999992202434
0.999993394642
0.999994382585
0.999995277647
0.999993421006
0.999994037834
0.999993867392
0.999994686962
0.999994149968
0.999993941185
0.999994143675
0.999993801277
0.999994484514
0.999993335481
0.999994363851
0.999993624961
0.999993773614
0.99999373262
0.999994060039
0.999993376031
0.999993373452
0.999994298452
0.999993312768
0.999993393861
0.999994048029
0.999993107848
0.999993901635
0.999993139026
0.999992889785
0.999993618456
0.999995348144
0.999994268711
0.999992982791
0.999994565218
0.999994162483
0.99999238194
0.999994936783
0.999993027171
0.999993485438
0.999993653619
0.999994241106
0.999992460297
0.999994380115
0.999992447221
0.999994380413
0.999993788542
0.999994494443
0.999994300952
0.999993555838
0.999995244559
0.999994487524
0.999994162437
0.999993785771
0.999992919354
0.999994907245
0.999993800366
0.999993107082
0.999993881245
0.999993357812
0.999994038986
0.999994174188
0.999994504446
0.999993513799
0.999993874443
0.999994796349
0.999993933211
0.999993774247
0.999994593625
0.999995359656
0.999993317885
0.999993759308
0.999993458431
0.999993645447
0.999993884821
0.99999412608
0.999993920363
0.999993645575
0.999994386997
0.999995138398
0.999994505698
0.999993732835
0.999993131257
0.999993150661
0.999993070224
0.999994590897
0.999993045287
0.99999273437
0.999994060655
0.999995078278
0.999995091493
0.999994662816
0.999993555333
0.999993576971
0.999992899709
0.999995062826
0.999994366018
0.999993775044
0.999993603668
0.999994569168
0.999993980876
0.999993033729
0.99999309987
0.999993429573
0.999994625938
0.999994474371
0.999993792791
0.999993630262
0.999993782458
0.999993877895
0.999994491327
0.999994011339
0.999994779027
0.999993682528
0.99999460043
0.999994724713
0.999994499536
0.999994217347
0.999993048396
0.999993477594
0.999994209221
0.999992673396
0.999994121677
0.999993064024
0.999993751418
0.999994082133
0.999994123842
0.999994047859
0.999994217989
0.999993583679
0.999993586392
0.999995264712
0.999993227576
0.999994980532
0.999994190526
0.999993185053
0.999992408457
0.999994519276
0.99999364373
0.99999404528
0.999993924923
0.999993635313
0.999994426364
0.99999401844
0.999994222094
0.999994642692
0.999992615995
0.999994111971
0.999993597673
0.999993886505
0.999994330749
0.99999326983
0.999994766543
0.999994966114
0.999994229358
0.999992942212
0.999993481177
0.999993692554
0.999994474758
0.999993607443
0.999994622175
0.999993219718
0.999994882874
0.999993018876
0.999994594063
0.999993893407
0.999994253193
0.999993906549
0.99999269924
0.999993880007
0.999994766185
0.999992927445
0.999994805187
0.999994576365
0.999994976107
0.999992169628
0.999993855447
0.99999404987
0.999993983784
0.999992457429
0.999994561289
0.999994038282
0.999995063313
0.99999464032
0.999993646812
0.999992453085
0.999994327403
0.999994974454
0.999994079374
0.999994303195
0.999994329302
0.999993824828
0.999994141748
0.999994750428
0.999994441172
0.999994350514
0.99999369843
0.999993329083
0.999993586774
0.999992422603
0.999993760774
0.999994544675
0.999994355042
0.999994096868
0.999993728895
0.999994039935
0.999993939303
0.999994360385
0.999994724795
0.999992629103
0.999993660368
0.999994025479
0.999992656266
0.999993408818
0.999992900457
0.999992248874
0.999995218378
0.999992310972
0.999995623485
0.999994806334
0.999993142272
0.999994556996
0.999995182662
0.999993536213
0.999994761416
0.999993675408
0.999995176844
0.999994545226
0.999993579006
0.99999237837
0.999994605208
0.999993226986
0.999994578952
0.999993396979
0.999994526171
0.999994002348
0.99999402421
0.999994467304
0.999993798953
0.9999948314
0.999994896381
0.999993431751
0.999994341589
0.999994706549
0.999994930064
0.999992800328
0.999993351548
0.999993850643
0.999993914146
0.999993366409
0.999994633633
0.999993666486
0.999993583456
0.999993231302
0.999994154656
0.999994557381
0.999993341722
0.99999388085
0.999994225574
0.999994400504
0.999994229779
0.999993172206
0.999993457595
0.999993696468
0.999993888919
0.999993696205
0.999992900462
0.999993013709
0.99999508372
0.999994529968
0.999993343591
0.999994899636
0.999994083525
0.999993780872
0.999994963437
0.999994540692
0.99999400589
0.999994303455
0.999993824244
0.999993374003
0.999992948269
0.999993727153
0.999993966006
0.999994845234
0.999993299994
0.999994930117
0.999994291869
0.999994143496
0.999993510046
0.999993822884
0.999993410256
0.999993447752
0.999994445329
0.999993466984
0.999993221663
0.999992981212
0.999993904296
0.999993447239
0.999993060996
0.999994282776
0.999994634357
0.999993560217
0.999994453407
0.99999337672
0.999994724553
0.999994652773
0.999993983605
0.999994350487
0.999994841734
0.99999443612
0.99999304055
0.999993588191
0.999993924868
0.999994948359
0.99999425378
0.999994318868
0.999993973671
0.999994461663
0.9999942357
0.999994724014
0.999994353128
0.999993936219
0.999993676796
0.999995000615
0.999994545513
0.999994794724
0.999994535355
0.999993406267
0.99999390894
0.999995195659
0.999994177639
0.999993126487
0.999994643863
0.999994384293
0.999994404513
0.999994246385
0.999993563615
0.999993766795
0.999994486505
0.999993058038
0.999993961041
0.999995354017
0.999993745075
0.999994184823
0.999993889537
0.999994373989
0.999992367022
0.999993322114
0.999994070705
0.99999419595
0.999994400427
0.999993841254
0.999994923166
0.999993502578
0.999993874194
0.999993112403
0.999993131395
0.999994078656
0.999992744252
0.999993683062
0.999993012478
0.999994096655
0.99999369259
0.999995246061
0.999993828493
0.999993114785
0.999994274876
0.999992648675
0.999994371364
0.999995063386
0.999993383512
0.999993928922
0.999993630773
0.999994818836
0.999993788393
0.999993971621
0.999994377105
0.999993233588
0.999993230389
0.999993923291
0.999993735441
0.999993164589
0.999993683192
0.999994548185
0.999992804716
0.999993094953
0.999994162889
0.999993157401
0.999994735814
0.999995049887
0.999994106206
0.999995190774
0.999993481876
0.99999355661
0.999993768261
0.999993520422
0.99999401985
0.999993499976
0.9999941788
0.99999484761
0.999994870102
0.999992492639
0.999993385799
0.999993147908
0.999994047286
0.99999328008
0.999993710523
0.999994730814
0.999994369986
0.999994067075
0.999992935544
0.999993916674
0.999994569734
0.999994691806
0.999994060648
0.999993431702
0.999994620807
0.999993774452
0.999993643224
0.999996102197
0.999992631363
0.999993542965
0.999994036598
0.999995134995
0.999993632081
0.999994264814
0.999994143839
0.999993768942
0.999993991984
0.999993990702
0.999994701322
0.999993685085
0.999994237103
0.999994545196
0.999993722081
0.999994195481
0.999994405759
0.999993810976
0.999993592439
0.999994336598
0.99999418994
0.999994726686
0.999994499977
0.999993770572
0.999993918156
0.999992665043
0.999992991459
0.999993988459
0.999994201131
