rm50_CATCACGC 100000 36638 9.8116 11.4991
rm50_CATCACGC 200000 55215 10.0077 11.4991
rm50_CATCACGC 300000 68645 10.0913 11.4991
rm50_CATCACGC 400000 80069 10.1482 11.4991
rm50_CATCACGC 500000 89528 10.1813 11.4991
rm50_CATCACGC 600000 97596 10.2069 11.4991
rm50_CATCACGC 700000 98625 10.2092 11.4991
rm50_CATCACGC 100000 36763 9.82204 11.4991
rm50_CATCACGC 200000 55172 10.0022 11.4991
rm50_CATCACGC 300000 68916 10.0908 11.4991
rm50_CATCACGC 400000 79685 10.1425 11.4991
rm50_CATCACGC 500000 89336 10.1815 11.4991
rm50_CATCACGC 600000 97587 10.2061 11.4991
rm50_CATCACGC 700000 98625 10.2092 11.4991
rm50_CATCACGC 100000 36650 9.82084 11.4991
rm50_CATCACGC 200000 55017 10.0036 11.4991
rm50_CATCACGC 300000 68795 10.0939 11.4991
rm50_CATCACGC 400000 79991 10.1447 11.4991
rm50_CATCACGC 500000 89491 10.1828 11.4991
rm50_CATCACGC 600000 97615 10.2064 11.4991
rm50_CATCACGC 700000 98625 10.2092 11.4991
