rm50_GTCGTTCC 200000 63950 10.3634 12.0483
rm50_GTCGTTCC 100000 42189 10.1439 12.0483
rm50_GTCGTTCC 300000 81018 10.4735 12.0483
rm50_GTCGTTCC 400000 94101 10.5318 12.0483
rm50_GTCGTTCC 500000 105943 10.5729 12.0483
rm50_GTCGTTCC 600000 116326 10.6065 12.0483
rm50_GTCGTTCC 700000 125515 10.6296 12.0483
rm50_GTCGTTCC 100000 41903 10.1326 12.0483
rm50_GTCGTTCC 200000 64258 10.3681 12.0483
rm50_GTCGTTCC 300000 80578 10.4708 12.0483
rm50_GTCGTTCC 400000 93960 10.5303 12.0483
rm50_GTCGTTCC 500000 105861 10.573 12.0483
rm50_GTCGTTCC 600000 116545 10.6072 12.0483
rm50_GTCGTTCC 700000 125704 10.6299 12.0483
rm50_GTCGTTCC 100000 42078 10.1328 12.0483
rm50_GTCGTTCC 200000 63940 10.3621 12.0483
rm50_GTCGTTCC 300000 80836 10.4744 12.0483
rm50_GTCGTTCC 500000 105933 10.5741 12.0483
rm50_GTCGTTCC 600000 116222 10.6032 12.0483
rm50_GTCGTTCC 700000 125579 10.6298 12.0483
rm50_GTCGTTCC 400000 94248 10.533 12.0483
