rm50_TGATGCGC 100000 45964 10.2169 12.2979
rm50_TGATGCGC 200000 73157 10.4832 12.2979
rm50_TGATGCGC 300000 95089 10.6107 12.2979
rm50_TGATGCGC 400000 114022 10.6911 12.2979
rm50_TGATGCGC 500000 130963 10.7449 12.2979
rm50_TGATGCGC 600000 146895 10.7913 12.2979
rm50_TGATGCGC 700000 161070 10.8177 12.2979
rm50_TGATGCGC 100000 46005 10.2176 12.2979
rm50_TGATGCGC 200000 73168 10.4803 12.2979
rm50_TGATGCGC 300000 95163 10.6095 12.2979
rm50_TGATGCGC 400000 113868 10.6895 12.2979
rm50_TGATGCGC 500000 131431 10.7498 12.2979
rm50_TGATGCGC 700000 161099 10.8192 12.2979
rm50_TGATGCGC 600000 146437 10.7871 12.2979
rm50_TGATGCGC 100000 45826 10.2116 12.2979
rm50_TGATGCGC 200000 73436 10.4925 12.2979
rm50_TGATGCGC 300000 94986 10.6067 12.2979
rm50_TGATGCGC 400000 114197 10.6926 12.2979
rm50_TGATGCGC 500000 131291 10.7472 12.2979
rm50_TGATGCGC 700000 160955 10.8196 12.2979
rm50_TGATGCGC 600000 146819 10.7895 12.2979
