rm50_TGATGATC 100000 52945 10.5143 12.7219
rm50_TGATGATC 200000 83900 10.8101 12.7219
rm50_TGATGATC 300000 107881 10.9544 12.7219
rm50_TGATGATC 400000 127532 11.0374 12.7219
rm50_TGATGATC 500000 144951 11.099 12.7219
rm50_TGATGATC 600000 160215 11.1412 12.7219
rm50_TGATGATC 700000 173986 11.1747 12.7219
rm50_TGATGATC 100000 52691 10.5064 12.7219
rm50_TGATGATC 200000 83915 10.8108 12.7219
rm50_TGATGATC 300000 107597 10.9491 12.7219
rm50_TGATGATC 400000 127948 11.0405 12.7219
rm50_TGATGATC 500000 144948 11.1009 12.7219
rm50_TGATGATC 600000 160202 11.1421 12.7219
rm50_TGATGATC 700000 173842 11.1718 12.7219
rm50_TGATGATC 100000 52912 10.5147 12.7219
rm50_TGATGATC 200000 84010 10.8131 12.7219
rm50_TGATGATC 300000 107869 10.954 12.7219
rm50_TGATGATC 400000 127901 11.0403 12.7219
rm50_TGATGATC 500000 144730 11.0967 12.7219
rm50_TGATGATC 700000 174183 11.1752 12.7219
rm50_TGATGATC 600000 160388 11.1442 12.7219
