rm31	10.6647	100317	11.3114	97111	0.851415	0.172218
rm32	9.56534	33347	10.346	32678	0.849384	0.0484439
rm34	10.3406	66206	11.0884	65672	0.759935	0.0039876
rm35	10.3626	55837	10.9264	55689	0.567551	0.00116375
rm48	9.83275	34189	10.4394	34182	0.606911	7.90706e-05
rm49	8.48634	10177	9.22496	10157	0.741541	0.000962877
rm50	11.3779	335018	12.6665	330592	1.34406	0.0421203
rm51	11.5192	250855	12.4154	250043	0.913384	0.0140268
rm50_CATCACGC	10.2092	98625	11.4086	97185	1.28993	0.075771
rm50_GTCGTTCC	10.7101	170807	11.9425	167832	1.33815	0.0882666
rm50_TGATGATC	11.3779	335018	12.6665	330592	1.34406	0.0421203
rm50_TGATGCGC	10.9162	219244	12.1076	210059	1.38177	0.147569
rm51_CATCACGC	10.7873	117014	11.6665	116887	0.882777	0.00242688
rm51_GTCGTTCC	13.2917	1473248	14.1917	1468560	0.911326	0.00813788
rm51_TGATGATC	11.5192	250855	12.4154	250043	0.913384	0.0140268
rm51_TGATGCGC	11.6434	270136	12.4237	267080	0.863327	0.071646
