0.0 8
0.1 17770
0.2 80665
0.3 171657
0.4 382789
0.5 750039
0.6 658972
0.7 1081377
0.8 1243062
0.9 1119534
1.0 1009681
1.1 1147207
1.2 858353
1.3 630755
1.4 476734
1.5 520038
1.6 433959
1.7 227620
1.8 194700
1.9 166908
2.0 149483
2.1 32920
2.2 225791
2.3 36275
2.4 47140
2.5 79971
2.6 20774
2.7 58219
2.8 15400
2.9 25123
3.0 15744
3.1 11991
3.2 266
3.3 66061
3.4 784
3.5 3795
3.6 15332
3.7 1900
3.8 15624
3.9 1073
4.0 6040
4.1 2094
4.2 756
4.4 28641
4.5 10
4.6 922
4.7 2222
4.8 92
4.9 5868
5.0 69
5.1 1438
5.2 283
5.5 14508
5.7 87
5.8 476
5.9 5
6.0 2241
6.1 2
6.2 230
6.3 33
6.6 8248
6.8 13
6.9 63
7.1 784
7.3 46
7.6 4666
8.0 16
8.2 280
8.4 6
8.7 2823
9.1 5
9.3 69
9.5 1
9.8 1637
10.4 16
10.9 1052
11.5 5
12.0 589
12.6 3
13.1 307
13.7 2
14.2 188
15.3 108
16.4 54
17.5 32
18.6 11
19.7 7
20.8 2
